[표]
시정\세로폭 | 1.6m | 2.1m | 3.1m | 4.2m | 6.3m | 8.6m | 12.2m
1 | 0.9 | 1.3 | 1.7 | 1.9 | 2.0 | 2.4 | 2.7
2 | 1.1 | 1.7 | 2.2 | 2.6 | 2.8 | 3.4 | 3.8
3 | 1.1 | 2.0 | 2.8 | 3.5 | 3.9 | 4.8 | 5.5
4 | 1.3 | 2.4 | 3.3 | 4.3 | 5.0 | 6.0 | 7.0
5 | 1.5 | 2.8 | 3.9 | 5.0 | 6.1 | 7.3 | 8.5
6 | 1.5 | 3.0 | 4.3 | 5.4 | 6.7 | 8.0 | 9.3
7 | 1.7 | 3.2 | 4.4 | 6.1 | 7.4 | 8.9 | 10.3
8 | 1.7 | 3.4 | 4.8 | 6.5 | 7.8 | 9.5 | 11.0
9 | 1.7 | 3.5 | 5.3 | 7.0 | 8.3 | 10.2 | 11.9
10 | 1.9 | 3.7 | 5.6 | 7.4 | 9.3 | 11.1 | 13.0